0.9850623544007555
0.9801493354116764
0.975260820207032
0.9703966865736877
0.9655568129080493
0.960741078213023
0.9559493620949908
0.9511815447608
0.9464375070147689
0.9417171302557069
0.937020296473949
0.9323468882484062
0.9276967887436294
0.9230698817068888
0.9184660514652673
0.9138851829227694
0.9093271615574428
0.9047918734185159
0.9002792051235491
0.8957890438555999
0.8913212773604029
0.886875793943563
0.882452482467763
0.8780512323499859
0.8736719335587495
0.8693144766113556
0.8649787525711541
0.8606646530448178
0.8563720701796339
0.8521008966608072
0.8478510257087774
0.8436223510765493
0.8394147670470367
0.8352281684304199
0.8310624505615153
0.8269175092971592
0.8227932410136044
0.8186895426039287
0.8146063114754583
0.810543445547202
0.8065008432473004
0.8024784035104852
0.7984760257755535
0.7944936099828537
0.7905310565717832
0.7865882664783007
0.7826651411324482
0.7787615824558879
0.7748774928594494
0.7710127752406908
0.7671673329814701
0.7633410699455306
0.7595338904760971
0.7557456993934846
0.7519764019927188
0.7482259040411682
0.7444941117761887
0.7407809319027796
0.7370862715912503
0.7334100384749007
0.7297521406477115
0.7261124866620463
0.7224909855263663
0.7188875467029541
0.7153020801056514
0.7117344960976069
0.7081847054890343
0.7046526195349836
0.701138149933122
0.6976412088215262
0.6941617087764868
0.6906995628103207
0.6872546843691991
0.6838269873309811
0.6804163860030625
0.6770227951202322
0.6736461298425418
0.670286305753183
0.666943238856379
0.6636168455752829
0.6603070427498896
0.6570137476349562
0.653736877897933
0.6504763516169062
0.6472320872785489
0.6440040037760834
0.6407920204072542
0.63759605687231
0.6344160332719956
0.6312518701055556
0.628103488268746
0.6249708090518566
0.6218537541377444
0.6187522455998737
0.6156662059003698
0.6125955578880794
0.6095402247966423
0.606500130242572
0.6034751982233462
0.6004653531155071
0.5974705196727701
0.5944906230241432
0.5915255886720551
0.5885753424904925
0.585639810723147
0.5827189199815717
0.5798125972433458
0.5769207698502498
0.5740433655064479
0.5711803122766818
0.5683315385844716
0.5654969732103268
0.562676545289965
0.5598701843125418
0.5570778201188862
0.554299382899748
0.5515348031940521
0.548784011887162
0.5460469402091515
0.5433235197330861
0.5406136823733123
0.5379173603837548
0.5352344863562234
0.5325649932187277
0.5299088142338003
0.5272658829968282
0.5246361334343929
0.5220194998026181
0.519415916685527
0.5168253189934059
0.5142476419611777
0.5116828211467822
0.5091307924295656
0.506591492008677
0.5040648564014737
0.5015508224419336
0.49904932727907725
0.4965603083753949
0.4940837035052846
0.4916194507534954
0.4891674885135803
0.48672775548635544
0.4843001906783682
0.48188473340037197
0.47948132326580883
0.4770899001893004
0.47471040438514517
0.47234277636582406
0.4699869569405133
0.46764288721360453
0.4653105085832326
0.46298976273981013
0.46068059166457026
0.45838293762811577
0.45609674318897614
0.4538219511921713
0.4515585047677828
0.4493063473295323
0.4470654225733663
0.4448356744760493
0.44261704729376283
0.4404094855607117
0.4382129340877376
0.43602733796093923
0.4338526425402997
0.4316887934583202
0.429535736618661
0.42739341819478893
0.42526178462863173
0.42314078262923943
0.4210303591714514
0.4189304614945713
0.416841037101048
0.41476203375516263
0.4126933994817233
0.41063508256476555
0.40858703154625914
0.406549195224822
0.40452152265443997
0.4025039631431931
0.4004964662519886
0.3984989817932996
0.3965114598299106
0.394533850673669
0.39256610488424293
0.39060817326788505
0.38866000687620317
0.3867215570049359
0.38479277519273547
0.38287361321995617
0.38096402310744876
0.37906395711536095
0.3771733677419439
0.3752922077223648
0.3734204300275254
0.3715579878628856
0.3697048346672943
0.36786092411182525
0.3660262100986184
0.3642006467597279
0.3623841884559752
0.3605767897758081
0.35877840553416535
0.3569889907713475
0.3552085007518921
0.35343689096345593
0.351674117115702
0.34992013513919235
0.34817490118428623
0.34643837162004376
0.3447105030331356
0.3429912522267568
0.341280576219548
0.33957843224451956
0.33788477774798376
0.33619957038848974
0.3345227680357659
0.33285432876966603
0.33119421087912154
0.3295423728610988
0.32789877341956114
0.3262633714644372
0.32463612611059267
0.32301699667680905
0.32140594268476624
0.3198029238580304
0.31820790012104744
0.3166208315981408
0.3150416786125149
0.31347040168526263
0.3119069615343792
0.3103513190737793
0.30880343541232025
0.3072632718528302
0.30573078989113966
0.30420595121511995
0.30268871770372463
0.301179051426037
0.2996769146403214
0.2981822697930801
0.29669507951811386
0.2952153066355885
0.2937429141511048
0.29227786525477406
0.29082012332029744
0.28936965190405084
0.287926414744173
0.28649037575966013
0.28506149904946254
0.28363974889158816
0.282225089742209
0.2808174862347727
0.27941690317911805
0.27802330556059596
0.2766366585391932
0.2752569274486622
0.2738840777956537
0.2725180752588548
0.2711588856881311
0.26980647510367245
0.2684608096951439
0.2671218558208399
0.2657895800068442
0.26446394894619185
0.2631449294980373
0.26183248868682574
0.2605265937014684
0.25922721189452275
0.25793431078137585
0.2566478580394326
0.2553678215073074
0.25409416918402034
0.2528268692281969
0.25156588995727225
0.250311199846699
0.2490627675291589
0.24782056179377915
0.24658455158535147
0.24535470600355647
0.24413099430219037
0.24291338588839706
0.24170185032190275
0.240496357314255
0.23929687672806607
0.2381033785762587
0.236915833021317
0.23573421037454015
0.23455848109530053
0.23338861579030487
0.23222458521285969
0.2310663602621398
0.22991391198246125
0.2287672115625569
0.2276262303348566
0.2264909397747702
0.2253613114999746
0.22423731726970406
0.22311892898404434
0.22200611868322997
0.22089885854694552
0.21979712089362988
0.21870087817978442
0.21761010299928407
0.2165247680826926
0.2154448462965805
0.214370310642847
0.21330113425804462
0.21223729041270817
0.21117875251068607
0.2101254940884756
0.20907748881456145
0.20803471048875707
0.2069971330415501
0.20596473053345027
0.20493747715434113
0.2039153472228346
0.20289831518562934
0.2018863556168713
0.20087944321751863
0.19987755281470881
0.19888065936112975
0.19788873793439304
0.1969017637364114
0.1959197120927785
0.1949425584521521
0.19397027838564024
0.19300284758619068
0.19204024186798296
0.1910824371658241
0.19012940953454655
0.18918113514841
0.1882375903005053
0.1872987514021622
0.18636459498235933
0.18543509768713745
0.18451023627901586
0.18358998763641116
0.18267432875305936
0.1817632367374407
0.18085668881220732
0.17995466231361382
0.1790571346909509
0.17816408350598106
0.17727548643237828
0.17639132125516943
0.17551156587017905
0.1746361982834766
0.1737651966108269
0.17289853907714275
0.1720362040159407
0.1711781698687992
0.17032441518482003
0.16947491862009148
0.16862965893715534
0.16778861500447537
0.16695176579590953
0.166119090390184
0.16529056797037028
0.16446617782336473
0.16364589933937065
0.16282971201138335
0.162017595434677
0.16120952930629498
0.16040549342454194
0.159605467688479
0.15880943209742102
0.15801736675043684
0.15722925184585146
0.1564450676807513
0.15566479465049132
0.15488841324820518
0.15411590406431733
0.15334724778605796
0.1525824251969801
0.15182141717647918
0.15106420469931503
0.15031076883513628
0.14956109074800714
0.14881515169593632
0.1480729330304087
0.14733441619591897
0.14659958272950782
0.1458684142603003
0.14514089250904666
0.14441699928766508
0.14369671649878749
0.14298002613530655
0.14226691027992588
0.14155735110471196
0.14085133087064844
0.14014883192719269
0.13944983671183456
0.1387543277496572
0.13806228765290043
0.1373736991205257
0.1366885449377839
0.13600680797578468
0.1353284711910686
0.13465351762518066
0.13398193040424658
0.1333136927385508
0.13264878792211687
0.13198719933228986
0.1313289104293205
0.13067390475595192
0.1300221659370081
0.12937367767898478
0.12872842376964164
0.12808638807759737
0.1274475545519262
0.12681190722175667
0.12617943019587255
0.12555010766231514
0.12492392388798838
0.12430086321826524
0.12368091007659658
0.12306404896412158
0.12245026445928028
0.12183954121742803
0.12123186397045209
0.12062721752638955
0.12002558676904786
0.11942695665762668
0.11883131222634216
0.11823863858405242
0.11764892091388555
0.11706214447286904
0.1164782945915614
0.1158973566736851
0.115319316195762
0.11474415870674995
0.11417186982768189
0.11360243525130596
0.11303584074172814
0.11247207213405608
0.11191111533404535
0.11135295631774668
0.11079758113115559
0.1102449758898635
0.10969512677871053
0.10914802005144036
0.10860364203035629
0.10806197910597942
0.10752301773670837
0.10698674444848097
0.106453145834437
0.10592220855458334
0.10539391933546027
0.1048682649698099
0.10434523231624569
0.10382480829892404
0.10330697990721734
0.10279173419538895
0.1022790582822692
0.10176893935093353
0.10126136464838206
0.10075632148522087
0.10025379723534456
0.0997537793356207
0.09925625528557566
0.09876121264708244
0.0982686390440492
0.09777852216211022
0.09729084974831793
0.09680560961083655
0.09632278961863742
0.09584237770119561
0.0953643618481881
0.09488873010919366
0.09441547059339411
0.09394457146927689
0.09347602096433932
0.09300980736479439
0.09254591901527788
0.09208434431855686
0.09162507173523986
0.09116808978348834
0.09071338703872979
0.09026095213337187
0.08981077375651839
0.08936284065368642
0.08891714162652516
0.08847366553253566
0.08803240128479248
0.0875933378516664
0.08715646425654883
0.08672176957757706
0.08628924294736148
0.08585887355271384
0.08543065063437678
0.08500456348675516
0.08458060145764802
0.08415875394798257
0.08373901041154905
0.08332136035473725
0.082905793336274
0.08249229896696217
0.08208086690942093
0.08167148687782753
0.08126414863765981
0.08085884200544052
0.08045555684848275
0.08005428308463662
0.07965501068203712
0.07925772965885333
0.07886243008303903
0.07846910207208424
0.0780777357927682
0.07768832146091352
0.07730084934114159
0.07691530974662933
0.07653169303886674
0.07614998962741616
0.0757701899696724
0.07539228457062422
0.07501626398261703
0.07464211880511648
0.0742698396844737
0.0738994173136912
0.07353084243219053
0.07316410582558039
0.07279919832542653
0.07243611080902239
0.07207483419916123
0.07171535946390895
0.07135767761637844
0.07100177971450486
0.0706476568608222
0.07029530020224062
0.0699447009298253
0.06959585027857616
0.06924873952720881
0.06890335999793633
0.06855970305625253
0.06821776011071592
0.06787752261273514
0.06753898205635495
0.06720212997804383
0.06686695795648227
0.06653345761235226
0.06620162060812787
0.06587143864786668
0.0655429034770025
0.06521600688213892
0.06489074069084409
0.06456709677144624
0.06424506703283057
0.06392464342423679
0.06360581793505805
0.0632885825946405
0.06297292947208409
0.06265885067604429
0.062346338354534916
0.06203538469473162
0.061725981922776695
0.061418122303584705
0.0611117981406492
0.06080700177585013
0.06050372558926247
0.06020196199896577
0.059901703460854584
0.059602942468449806
0.05930567155271106
0.05900988328184997
0.05871557026114433
0.058422725132753366
0.05813134057553356
0.05784140930485582
0.057552924072423246
0.05726587766609007
0.05698026290968115
0.05669607266281269
0.05641329982071369
0.05613193731404843
0.055851978108739576
0.055573415205792384
0.05529624164111978
0.05502045048536823
0.05474603484374447
0.05447298785584316
0.054201302695475365
0.05393097257049796
0.05366199072264373
0.05339435042735246
0.053128044993602803
0.052863067763745115
0.05259941211333479
0.05233707145096687
0.0520760392181111
0.05181630888894806
0.05155787397020603
0.05130072800099857
0.051044864552663057
0.05079027722859992
0.05053695966411285
0.050284905526249514
0.05003410851364335
0.04978456235635595
0.04953626081572041
0.049289197684185306
0.04904336678515944
0.04879876197285753
0.04855537713214656
0.04831320617839283
0.04807224305730987
0.04783248174480709
0.04759391624683922
0.04735654059925638
0.04712034886765501
0.0468853351472295
0.04665149356262463
0.0464188182677886
0.04618730344582691
0.04595694330885694
0.0457277320978633
0.045499664082553765
0.04527273356121607
0.04504693486057535
0.044822262335652334
0.04459871036962222
0.044376273373674203
0.04415494578687179
0.04393472207601377
0.04371559673549593
0.04349756428717334
0.043280619280223434
0.043064756291009705
0.042849969922946235
0.042636254806362614
0.04242360559836979
0.042212016982726454
0.04200148366970627
0.0417920003959654
0.041583561924411094
0.0413761630440707
0.041169798569961426
0.04096446334296068
0.04076015222967706
0.0405568601223221
0.040354581938582545
0.04015331262149326
0.03995304713931083
0.03975378048538778
0.03955550767804736
0.03935822376045909
0.03916192380051474
0.03896660289070509
0.038772256147997196
0.038578878713712406
0.03838646575340479
0.0381950124567403
0.038004514037376536
0.037814965732843125
0.03762636280442257
0.037438700537031834
0.03725197423910444
0.03706617924247325
0.03688131090225365
0.036697364596727504
0.03651433572722759
0.03633221971802267
0.036151012016203
0.0359707080915666
0.035791303436505946
0.035612793565895355
0.035435174016978745
0.035258440349258145
0.035082588144382656
0.03490761300603798
0.034733510559836575
0.0345602764532082
0.034387906355291174
0.03421639595682406
0.03404574097003798
0.033875937128549374
0.03370698018725335
0.033538865922217574
0.033371590130576674
0.03320514863042715
0.03303953726072282
0.03287475188117081
0.03271078837212806
0.03254764263449832
0.03238531058962962
0.032223788179212384
0.03206307136517797
0.03190315612959763
0.03174403847458216
0.03158571442218188
0.03142818001428726
0.03127143131252988
0.031115464398184033
0.03096027537206874
0.03080586035445025
0.030652215484945112
0.030499336922423567
0.030347220844913588
0.030195863449505308
0.03004526095225598
0.029895409588095317
0.029746305610731407
0.029597945292557045
0.02945032492455657
0.02930344081621308
0.029157289295416215
0.02901186670837034
0.02886716941950322
0.028723193811375083
0.028579936284588235
0.02843739325769703
0.028295561167118392
0.02815443646704266
0.028014015629344986
0.027874295143497093
0.02773527151647959
0.027596941272694544
0.027459300953878663
0.027322347119016793
0.027186076344255933
0.027050485222819633
0.026915570364922783
0.02678132839768691
0.02664775596505583
0.026514849727711794
0.02638260636299193
0.02625102256480524
0.0261200950435499
0.02598982052603108
0.02586019575537905
0.025731217490967795
0.025602882508333966
0.025475187599096342
0.025348129570875528
0.025221705247214204
0.02509591146749768
0.02497074508687494
0.024846202976179926
0.024722282021853392
0.024598979125865016
0.024476291205635995
0.024354215193961918
0.024232748038936144
0.024111886703873465
0.023991628167234203
0.023871969422548697
0.02375290747834208
0.023634439358059565
0.023516562099991947
0.023399272757201658
0.023282568397449015
0.023166446103118944
0.023050902971148028
0.022935936112951968
0.022821542654353315
0.02270771973550964
0.02259446451084204
0.022481774148964018
0.022369645832610644
0.022258076758568175
0.022147064137603936
0.02203660519439664
0.02192669716746694
0.021817337309108446
0.021708522885318993
0.021600251175732336
0.021492519473550086
0.021385325085474076
0.021278665331639024
0.021172537545545517
0.021066939073993398
0.020961867277015364
0.02085731952781102
0.02075329321268118
0.02064978573096257
0.020546794494962745
0.02044431692989544
0.020342350473816183
0.020240892577558275
0.020139940704669027
0.02003949233134635
0.019939544946375665
0.019840096051067173
0.019741143159193297
0.019642683796926585
0.019544715502777848
0.019447235827534638
0.019350242334199998
0.019253732597931537
0.019157704205980817
0.01906215475763305
0.01896708186414705
0.01887248314869552
0.018778356246305642
0.01868469880379997
0.018591508479737555
0.018498782944355446
0.01840651987951042
0.01831471697862105
0.018223371946610042
0.018132482499846836
0.01804204636609053
0.017952061284433066
0.017862525005242713
0.01777343529010782
0.017684789911780893
0.017596586654122847
0.01750882331204764
0.01742149769146716
0.01733460760923633
0.017248150893098578
0.017162125381631498
0.017076528924192803
0.016991359380866627
0.016906614622409943
0.016822292530199377
0.016738390996178226
0.016654907922803767
0.016571841222994824
0.01648918882007958
0.01640694864774364
0.016325118649978414
0.01624369678102972
0.016162681005346576
0.016082069297530373
0.016001859642284216
0.015922050034362548
0.015842638478521014
0.01576362298946658
0.01568500159180789
0.015606772320005942
0.015528933218324844
0.015451482340783002
0.015374417751104447
0.01529773752267042
0.015221439738471218
0.015145522491058263
0.015069983882496401
0.01499482202431651
0.014920035037468207
0.014845621052272925
0.014771578208377163
0.014697904654705963
0.014624598549416648
0.014551658059852765
0.01447908136249828
0.014406866642931962
0.01433501209578209
0.014263515924681227
0.014192376342221374
0.014121591569909263
0.014051159838121899
0.013981079386062321
0.013911348461715576
0.013841965321804914
0.013772928231748242
0.013704235465614705
0.013635885306081572
0.013567876044391296
0.013500205980308789
0.013432873422078924
0.013365876686384242
0.013299214098302849
0.013232883991266592
0.013166884707019329
0.01310121459557552
0.013035872015178954
0.01297085533226172
0.012906162921403359
0.012841793165290228
0.012777744454675064
0.012714015188336784
0.012650603773040402
0.012587508623497234
0.012524728162325253
0.012462260820009658
0.012400105034863641
0.012338259252989335
0.012276721928238971
0.012215491522176217
0.012154566504037751
0.012093945350694938
0.012033626546615786
0.011973608583827051
0.011913889961876537
0.011854469187795586
0.01179534477606175
0.011736515248561646
0.011677979134554047
0.011619734970633037
0.011561781300691487
0.011504116675884635
0.01144673965459385
0.011389648802390618
0.011332842692000654
0.011276319903268233
0.011220079023120713
0.011164118645533152
0.011108437371493193
0.011053033808966087
0.010997906572859883
0.01094305428499081
0.010888475574048812
0.010834169075563276
0.010780133431868896
0.01072636729207179
0.010672869312015653
0.010619638154248193
0.010566672487987696
0.010513970989089747
0.010461532340014129
0.010409355229791882
0.010357438353992526
0.01030578041469148
0.010254380120437558
0.010203236186220732
0.010152347333439981
0.010101712289871334
0.010051329789636064
0.010001198573169046
0.00995131738718724
0.009901684984658423
0.009852300124769935
0.009803161572897708
0.009754268100575385
0.00970561848546361
0.009657211511319473
0.009609045967966101
0.0095611206512624
0.009513434363072946
0.009465985911238069
0.009418774109543993
0.00937179777769322
0.009325055741275002
0.009278546831735996
0.009232269886351042
0.009186223748194096
0.009140407266109294
0.009094819294682218
0.009049458694211197
0.009004324330678857
0.00895941507572376
0.008914729806612193
0.008870267406210101
0.008826026762955158
0.008782006770828969
0.008738206329329454
0.008694624343443291
0.008651259723618557
0.0086081113857375
0.008565178251089428
0.008522459246343735
0.00847995330352308
0.008437659359976677
0.008395576358353727
0.008353703246577015
0.008312038977816556
0.00827058251046346
0.008229332808103887
0.008188288839493128
0.00814744957852983
0.008106814004230342
0.008066381100703181
0.008026149857123672
0.007986119267708619
0.007946288331691202
0.007906656053295947
0.00786722144171383
0.007827983511077507
0.007788941280436669
0.007750093773733509
0.007711440019778351
0.007672979052225325
0.00763470990954824
0.0075966316350165345
0.007558743276671362
0.007521043887301791
0.007483532524421126
0.0074462082502433375
0.007409070131659622
0.007372117240215094
0.007335348652085537
0.007298763448054332
0.007262360713489471
0.007226139538320697
0.007190099017016742
0.007154238248562698
0.0071185563364374775
0.007083052388591434
0.007047725517424013
0.007012574839761597
0.006977599476835414
0.0069427985542595706
0.006908171202009186
0.006873716554398653
0.00683943375005998
0.006805321931921285
0.006771380247185333
0.006737607847308238
0.006704003887978242
0.006670567529094612
0.006637297934746636
0.006604194273192722
0.006571255716839605
0.006538481442221657
0.006505870629980317
0.006473422464843573
0.006441136135605608
0.0064090108351065106
0.006377045760212093
0.006345240111793819
0.006313593094708821
0.0062821039177800185
0.00625077179377636
0.006219595939393106
0.006188575575232276
0.006157709925783147
0.006126998219402878
0.006096439688297208
0.006066033568501269
0.0060357790998604765
0.00600567552601155
0.005975722094363569
0.0059459180560791835
0.0059162626660558834
0.005886755182907373
0.0058573948689450385
0.005828180990159499
0.005799112816202266
0.00577018962036747
0.00574141067957372
0.005712775274345991
0.00568428268879766
0.005655932210612607
0.005627723131027399
0.005599654744813577
0.005571726350260025
0.005543937249155418
0.005516286746770792
0.005488774151842143
0.005461398776553164
0.005434159936518046
0.005407056950764371
0.005380089141716082
0.005353255835176551
0.005326556360311708
0.005299990049633304
0.005273556238982181
0.005247254267511698
0.005221083477671197
0.005195043215189571
0.005169132829058898
0.005143351671518179
0.00511769909803713
0.005092174467300075
0.005066777141189925
0.005041506484772198
0.00501636186627917
0.0049913426570940694
0.00496644823173536
0.004941677967841115
0.0049170312461534445
0.004892507450503019
0.00486810596779368
0.004843826187987081
0.004819667504087465
0.0047956293121264775
0.004771711011148064
0.004747912003193457
0.004724231693286216
0.004700669489417358
0.004677224802530567
0.0046538970465074435
0.004630685638152873
0.004607589997180439
0.004584609546197913
0.004561743710692824
0.004538991919018093
0.004516353602377746
0.004493828194812678
0.004471415133186539
0.004449113857171617
0.0044269238092348485
0.00440484443462388
0.004382875181353196
0.004361015500190322
0.004339264844642089
0.0043176226709409704
0.004296088438031506
0.004274661607556747
0.004253341643844817
0.00423212801389551
0.004211020187366974
0.004190017636562448
0.004169119836417065
0.00414832626448473
0.0041276364009250706
0.004107049728490415
0.004086565732512881
0.004066183900891503
0.004045903724079426
0.0040257246950711765
0.004005646309389977
0.00398566806507514
0.003965789462669513
0.003946010005207007
0.003926329198200154
0.003906746549627752
0.003887261569922568
0.003867873771959093
0.003848582671041369
0.003829387784890868
0.003810288633634434
0.0037912847397922962
0.0037723756282661168
0.0037535608263271217
0.0037348398636042834
0.0037162122720725576
0.003697677586041187
0.0036792353421420546
0.0036608850793181
0.0036426263388118023
0.0036244586641536953
0.003606381601150966
0.003588394697876098
0.003570497504655573
0.0035526895740586283
0.0035349704608860703
0.0035173397221591484
0.0034997969171084715
0.0034823416071630073
0.003464973355939094
0.0034476917292295467
0.003430496294992798
0.0034133866233420954
0.0033963622865347573
0.003379422858961476
0.003362567917135678
0.0033457970396829455
0.0033291098073304653
0.0033125058028965594
0.0032959846112802526
0.0032795458194508935
0.0032631890164378312
0.003246913793320137
0.003230719743216384
0.0032146064612744805
0.003198573544661536
0.0031826205925538013
0.003166747206126642
0.0031509529885445703
0.003135237544951325
0.003119600482459997
0.0031040414101432094
0.0030885599390233424
0.0030731556820628157
0.003057828254154401
0.003042577272111602
0.003027402354659074
0.00301230312242309
0.002997279197922057
0.002982330205557081
0.0029674557716025704
0.002952655524196908
0.0029379290933331348
0.002923276110849712
0.0029086962104213146
0.0028941890275496727
0.002879754199554458
0.00286539136556422
0.002851100166507358
0.002836880245103156
0.002822731245852836
0.0028086528150306793
0.002794644600675183
0.0027807062525802575
0.002766837422286475
0.0027530377630723564
0.0027393069299457024
0.0027256445796349665
0.0027120503705806848
0.00269852396292692
0.002685065018512777
0.002671673200863944
0.0026583481751842825
0.002645089608347456
0.0026318971688886034
0.002618770526996049
0.0026057093545030665
0.00259271332487966
0.0025797821132244134
0.002566915396256361
0.002554112852306908
0.00254137416131179
0.0025286990048030682
0.0025160870659011675
0.002503538029306963
0.002491051581293884
0.0024786274097000787
0.002466265203920612
0.0024539646548996947
0.0024417254551229606
0.0024295472986097777
0.002417429880905597
0.0024053728990743495
0.002393376051690858
0.0023814390388333146
0.002369561562075775
0.002357743324480702
0.0023459840305915403
0.0023342833864253305
0.0023226410994653585
0.0023110568786538417
0.002299530434384661
0.002288061478496108
0.0022766497242636867
0.0022652948863929475
0.0022539966810123527
0.0022427548256661787
0.0022315690393074567
0.002220439042290943
0.002209364556366137
0.002198345304670311
0.0021873810117215985
0.002176471403412106
0.002165616207001056
0.0021548151511079743
0.0021440679657058997
0.002133374382114637
0.0021227341329940422
0.002112146952337331
0.002101612575464436
0.002091130739015387
0.0020807011809437265
0.002070323640509959
0.002059997858275034
0.0020497235760938578
0.002039500537108839
0.0020293284857434727
0.002019207167695945
0.0020091363299327768
0.0019991157206824994
0.0019891450894293596
0.001979224186907057
0.0019693527650925116
0.001959530577199663
0.0019497573776733044
0.001940032922182938
0.0019303569676166693
0.0019207292720751308
0.001911149594865432
0.0019016176964951443
0.0018921333386663112
0.0018826962842694922
0.0018733062973778386
0.0018639631432411875
0.0018546665882801991
0.0018454164000805148
0.001836212347386948
0.0018270542000977023
0.0018179417292586181
0.00180887470705745
0.0017998529068181685
0.001790876102995302
0.0017819440711682852
0.001773056588035857
0.0017642134314104767
0.0017554143802127678
0.001746659214465992
0.00173794771529055
0.001729279664898507
0.0017206548465881545
0.001712073044738584
0.0017035340448043029
0.0016950376333098676
0.0016865835978445481
0.0016781717270570181
0.001669801810650069
0.0016614736393753538
0.0016531870050281597
0.0016449417004421945
0.0016367375194844148
0.0016285742570498688
0.0016204517090565708
0.0016123696724403979
0.0016043279451500136
0.0015963263261418168
0.001588364615374914
0.001580442613806125
0.0015725601233849953
0.0015647169470488548
0.0015569128887178863
0.001549147753290225
0.0015414213466370807
0.0015337334755978847
0.0015260839479754595
0.0015184725725312185
0.001510899158980378
0.0015033635179872047
0.0014958654611602813
0.0014884048010477967
0.0014809813511328595
0.0014735949258288352
0.0014662453404747048
0.0014589324113304547
0.001451655955572474
0.00144441579128899
0.001437211737475518
0.0014300436140303378
0.0014229112417499898
0.0014158144423247958
0.0014087530383344001
0.0014017268532433341
0.001394735711396607
0.0013877794380153076
0.0013808578591922387
0.0013739708018875695
0.0013671180939245084
0.0013602995639849997
0.0013535150416054394
0.001346764357172414
0.0013400473419184628
0.0013333638279178538
0.001326713648082389
0.0013200966361572258
0.0013135126267167217
0.0013069614551602976
0.0013004429577083234
0.0012939569713980223
0.0012875033340794013
0.0012810818844111896
0.0012746924618568108
0.001268334906680369
0.0012620090599426536
0.0012557147634971663
0.0012494518599861684
0.0012432201928367457
0.001237019606256894
0.001230849945231628
0.0012247110555190996
0.001218602783646746
0.001212524976907453
0.0012064774833557346
0.0012004601518039379
0.0011944728318184598
0.001188515373715989
0.0011825876285597634
0.0011766894481558454
0.001170820685049417
0.0011649811925210952
0.0011591708245832627
0.0011533894359764183
0.0011476368821655455
0.0011419130193364988
0.001136217704392411
0.0011305507949501115
0.0011249121493365681
0.0011193016265853477
0.001113719086433089
0.0011081643893159972
0.0011026373963663552
0.0010971379694090515
0.0010916659709581248
0.0010862212642133305
0.0010808037130567156
0.0010754131820492193
0.0010700495364272852
0.0010647126420994936
0.0010594023656432083
0.0010541185743012413
0.001048861135978533
0.0010436299192388533
0.0010384247933015102
0.0010332456280380848
0.001028092293969175
0.0010229646622611607
0.0010178626047229824
0.0010127859938029362
0.0010077347025854832
0.0010027086047880822
0.0009977075747580253
0.0009927314874693012
0.000987780218519469
0.0009828536441265463
0.0009779516411259172
0.0009730740869672512
0.0009682208597114406
0.00096339183802755
0.0009585869011897877
0.0009538059290744815
0.0009490488021570797
0.0009443154015091614
0.0009396056087954641
0.0009349193062709243
0.0009302563767777352
0.0009256167037424156
0.0009210001711728995
0.0009164066636556316
0.0009118360663526847
0.0009072882649988881
0.0009027631458989711
0.0008982605959247204
0.0008937805025121524
0.0008893227536586974
0.0008848872379204038
0.000880473844409146
0.0008760824627898565
0.000871712983277766
0.0008673652966356592
0.0008630392941711437
0.0008587348677339324
0.0008544519097131403
0.0008501903130345932
0.0008459499711581533
0.0008417307780750523
0.0008375326283052432
0.0008333554168947635
0.00082919903941311
0.0008250633919506295
0.0008209483711159196
0.0008168538740332448
0.000812779798339966
0.000808726042183978
0.0008046925042211659
0.0008006790836128703
0.0007966856800233671
0.0007927121936173586
0.0007887585250574777
0.0007848245755018037
0.0007809102466013944
0.0007770154404978223
0.0007731400598207324
0.0007692840076854058
0.0007654471876903381
0.0007616295039148298
0.0007578308609165876
0.0007540511637293388
0.000750290317860456
0.000746548229288598
0.000742824804461355
0.0007391199502929124
0.000735433574161723
0.0007317655839081914
0.0007281158878323704
0.0007244843946916681
0.0007208710136985658
0.0007172756545183521
0.0007136982272668594
0.0007101386425082204
0.0007065968112526303
0.0007030726449541235
0.0006995660555083591
0.000696076955250418
0.0006926052569526117
0.0006891508738223031
0.0006857137194997332
0.0006822937080558652
0.0006788907539902346
0.0006755047722288129
0.0006721356781218793
0.000668783387441906
0.000665447816381451
0.0006621288815510639
0.000658826499977202
0.0006555405891001537
0.0006522710667719754
0.0006490178512544389
0.0006457808612169868
0.0006425600157346997
0.0006393552342862724
0.0006361664367520017
0.0006329935434117841
0.0006298364749431201
0.0006266951524191338
0.0006235694973065983
0.000620459431463973
0.0006173648771394501
0.0006142857569690099
0.0006112219939744876
0.0006081735115616498
0.0006051402335182765
0.0006021220840122591
0.0005991189875897027
0.0005961308691730399
0.0005931576540591551
0.0005901992679175154
0.0005872556367883131
0.0005843266870806164
0.0005814123455705309
0.0005785125393993665
0.0005756271960718181
0.0005727562434541519
0.0005698996097724034
0.0005670572236105813
0.0005642290139088838
0.0005614149099619204
0.0005586148414169471
0.0005558287382721037
0.0005530565308746665
0.0005502981499193062
0.0005475535264463553
0.000544822591840084
0.0005421052778269848
0.0005394015164740656
0.0005367112401871525
0.0005340343817091978
0.0005313708741186003
0.0005287206508275312
0.0005260836455802704
0.0005234597924515494
0.0005208490258449031
0.0005182512804910305
0.0005156664914461621
0.0005130945940904378
0.0005105355241262897
0.000507989217576835
0.0005054556107842776
0.0005029346404083156
0.0005004262434245583
0.0004979303571229506
0.0004954469191062043
0.0004929758672882408
0.0004905171398926352
0.0004880706754510748
0.000485636412801821
0.00048321429108818083
0.0004808042497569853
0.0004784062285570756
0.0004760201675377965
0.0004736460070474989
0.0004712836877320466
0.00046893315053333373
0.0004665943366878077
0.0004642671877250007
0.0004619516454660674
0.00045964765202233086
0.0004573551497938348
0.0004550740814679038
0.00045280439001771166
0.0004505460187008536
0.000448298911057929
0.0004460630109111298
0.0004438382623628358
0.00044162460979421745
0.00043942199786384527
0.00043723037150630596
0.000435049675930827
0.00043287985661990527
0.0004307208593279448
0.000428572630079901
0.00042643511516993063
0.0004243082611600498
0.0004221920148787973
0.00042008632341990556
0.00041799113414097924
0.0004159063946621768
0.00041383205286490277
0.00041176805689050415
0.00040971435513897404
0.0004076708962676617
0.00040563762918998893
0.0004036145030741725
0.0004016014673419549
0.00039959847166733765
0.0003976054659753245
0.0003956224004406694
0.0003936492254866306
0.00039168589178373156
0.0003897323502485275
0.00038778855204237814
0.00038585444857022695
0.00038392999147938685
0.00038201513265833016
0.00038010982423548656
0.00037821401857804625
0.00037632766829076905
0.00037445072621479947
0.00037258314542648797
0.0003707248792362172
0.0003688758811872363
0.00036703610505449733
0.0003652055048435012
0.0003633840347891474
0.00036157164935458945
0.00035976830323009734
0.00035797395133192386
0.0003561885488011779
0.0003544120510027038
0.0003526444135239637
0.0003508855921739286
0.00034913554298197317
0.0003473942221967765
0.00034566158628522814
0.00034393759193134015
0.0003422221960351639
0.0003405153557117123
0.000338817028289889
0.0003371271713114197
0.00033544574252979186
0.0003337726999091984
0.00033210800162348673
0.0003304516060551126
0.0003288034717941015
0.0003271635576370099
0.00032553182258589957
0.0003239082258473081
0.00032229272683123356
0.0003206852851501154
0.00031908586061782834
0.00031749441324867636
0.0003159109032563912
0.00031433529105314177
0.0003127675372485397
0.0003112076026486594
0.00030965544825505356
0.0003081110352637825
0.00030657432506444
0.00030504527923919144
0.00030352385956181223
0.0003020100279967301
0.00030050374669807813
0.0002990049780087443
0.0002975136844594344
0.000296029828767731
0.00029455337383716497
0.00029308428275628685
0.0002916225187977418
0.000290168045417356
0.000288720826253218
0.0002872808251247744
0.00028584800603192095
0.0002844223331541068
0.0002830037708494346
0.0002815922836537734
0.00028018783627987043
0.00027879039361646706
0.0002773999207274249
0.0002760163828508484
0.00027463974539821946
0.0002732699739535292
0.0002719070342724211
0.0002705508922813311
0.0002692015140766394
0.00026785886592382103
0.00026652291425660125
0.0002651936256761198
0.00026387096695009186
0.0002625549050119815
0.00026124540696017076
0.0002599424400571405
0.0002586459717286509
0.00025735596956292514
0.00025607240130984287
0.00025479523488013
0.00025352443834456023
0.000252259979933153
0.0002510018280343831
0.0002497499511943866
0.00024850431811617785
0.0002472648976588654
0.00024603165883687234
0.00024480457081916477
0.00024358360292847753
0.00024236872464055058
0.0002411599055833626
0.00023995711553637504
0.00023876032442977327
0.00023756950234371765
0.0002363846195075945
0.00023520564629927028
0.0002340325532443543
0.00023286531101545825
0.00023170389043146637
0.00023054826245680278
0.00022939839820070834
0.0002282542689165172
0.0002271158460009368
0.00022598310099333579
0.0002248560055750292
0.00022373453156857362
0.0002226186509370597
0.00022150833578341435
0.0002204035583497001
0.00021930429101642393
0.00021821050630184568
0.0002171221768612897
0.00021603927548646414
0.0002149617751047774
0.0002138896487786646
0.00021282286970491097
0.00021176141121398488
0.000210705246769368
0.0002096543499668946
0.00020860869453409025
0.00020756825432951393
0.0002065330033421071
0.00020550291569054033
0.00020447796562256954
0.00020345812751438883
0.00020244337586999275
0.00020143368532053773
0.0002004290306237067
0.00019942938666308067
0.0001984347284475078
0.0001974450311104816
0.00019646026990951642
0.00019548042022553164
0.00019450545756223347
0.00019353535754550484
0.00019257009592279516
0.0001916096485625129
0.00019065399145342472
0.00018970310070405246
0.0001887569525420785
0.00018781552331374886
0.00018687878948328414
0.00018594672763229007
0.00018501931445917127
0.00018409652677855068
0.00018317834152068758
0.0001822647357309034
0.0001813556865690051
0.00018045117130871698
0.00017955116733710976
0.00017865565215403762
0.00017776460337157464
0.00017687799871345418
0.0001759958160145143
0.00017511803322014093
0.00017424462838571908
0.00017337557967608185
0.0001725108653649668
0.0001716504638344705
0.00017079435357451024
0.00016994251318228515
0.0001690949213617405
0.00016825155692303724
0.0001674123987820199
0.00016657742595969173
0.00016574661758168822
0.0001649199528777569
0.0001640974111812374
0.00016327897192854388
0.000162464614658653
0.00016165431901258998
0.00016084806473292207
0.00016004583166324973
0.00015924759974770498
0.00015845334903044774
0.0001576630596551691
0.00015687671186459374
0.00015609428599998537
0.00015531576250065718
0.00015454112190348062
0.00015377034484240096
0.00015300341204795093
0.00015224030434677136
0.00015148100266112931
0.0001507254880084435
0.0001499737415008084
0.00014922574434452174
0.0001484814778396161
0.00014774092337938962
0.00014700406244994274
0.0001462708766297133
0.00014554134758901788
0.00014481545708959275
0.00014409318698413708
0.00014337451921586113
0.00014265943581803274
0.00014194791891353024
0.00014123995071439345
0.00014053551352138103
0.00013983458972352593
0.00013913716179769702
0.00013844321230816001
0.00013775272390614105
0.00013706567932939465
0.00013638206140177003
0.00013570185303278396
0.00013502503721719129
0.00013435159703456182
0.00013368151564885548
0.00013301477630800295
0.00013235136234348622
0.00013169125716992112
0.00013103444428464445
0.00013038090726729938
0.0001297306297794269
0.00012908359556405548
0.00012843978844529627
0.000127799192327938
0.00012716179119704393
0.00012652756911755297
0.00012589651023387977
0.00012526859876951975
0.00012464381902665313
0.00012402215538575428
0.00012340359230519934
0.00012278811432087932
0.00012217570604581277
0.00012156635216976043
0.00012096003745884417
0.00012035674675516416
0.00011975646497642184
0.00011915917711554103
0.00011856486824029453
0.00011797352349292909
0.00011738512808979543
0.00011679966732097805
0.00011621712654992679
0.00011563749121309246
0.00011506074681956107
0.00011448687895069311
0.00011391587325976158
0.00011334771547159466
0.00011278239138221828
0.00011221988685850032
0.00011166018783779883
0.00011110328032760871
0.00011054915040521364
0.00010999778421733625
0.00010944916797979356
0.00010890328797715063
0.0001083601305623792
0.00010781968215651578
0.0001072819292483217
0.00010674685839394662
0.00010621445621659092
0.00010568470940617286
0.00010515760471899417
0.00010463312897741059
0.00010411126906950093
0.00010359201194874045
0.00010307534463367431
0.00010256125420759234
0.00010204972781820747
0.00010154075267733297
0.00010103431606056418
0.00010053040530695892
0.00010002900781872231
9.953011106089119e-05
9.903370256102026e-05
9.853976990887157e-05
9.80483007561027e-05
9.75592828159596e-05
9.707270386296793e-05
9.658855173262888e-05
9.610681432111365e-05
9.562747958496199e-05
9.515053554078074e-05
9.467597026494361e-05
9.42037718932943e-05
9.373392862084863e-05
9.32664287015006e-05
9.280126044772757e-05
9.233841223029932e-05
9.187787247798595e-05
9.141962967726984e-05
9.096367237205727e-05
9.050998916339153e-05
9.005856870916911e-05
8.960939972385481e-05
8.916247097820094e-05
8.871777129896522e-05
8.827528956863271e-05
8.783501472513725e-05
8.73969357615845e-05
8.696104172597788e-05
8.652732172094349e-05
8.609576490345889e-05
8.566636048458088e-05
8.523909772917695e-05
8.481396595565563e-05
8.43909545357006e-05
8.397005289400447e-05
8.355125050800399e-05
8.3134536907618e-05
8.271990167498447e-05
8.230733444420128e-05
8.18968249010659e-05
8.148836278281867e-05
8.108193787788505e-05
8.067754002562139e-05
8.027515911606048e-05
7.987478508965832e-05
7.94764079370437e-05
7.908001769876678e-05
7.86856044650512e-05
7.829315837554533e-05
7.790266961907662e-05
7.751412843340595e-05
7.712752510498319e-05
7.674284996870523e-05
7.636009340767341e-05
7.597924585295399e-05
7.560029778333801e-05
7.522323972510428e-05
7.484806225178142e-05
7.447475598391318e-05
7.41033115888236e-05
7.373371978038312e-05
7.33659713187776e-05
7.300005701027607e-05
7.263596770700201e-05
7.227369430670363e-05
7.19132277525273e-05
7.155455903279014e-05
7.11976791807556e-05
7.084257927440891e-05
7.04892504362337e-05
7.013768383299083e-05
6.978787067549665e-05
6.943980221840429e-05
6.909346975998393e-05
6.874886464190617e-05
6.840597824902528e-05
6.806480200916327e-05
6.772532739289668e-05
6.738754591334216e-05
6.705144912594536e-05
6.671702862826886e-05
6.6384276059783e-05
6.605318310165607e-05
6.572374147654696e-05
6.539594294839796e-05
6.506977932222863e-05
6.47452424439315e-05
6.442232420006751e-05
6.410101651766397e-05
6.378131136401186e-05
6.34632007464659e-05
6.314667671224388e-05
6.283173134822855e-05
6.251835678076952e-05
6.220654517548609e-05
6.189628873707206e-05
6.158757970910012e-05
6.12804103738287e-05
6.097477305200822e-05
6.06706601026898e-05
6.0368063923034e-05
6.006697694812034e-05
5.976739165075898e-05
5.946930054130167e-05
5.917269616745535e-05
5.8877571114095034e-05
5.858391800307922e-05
5.829172949306462e-05
5.800099827932338e-05
5.771171709356012e-05
5.742387870372991e-05
5.713747591385823e-05
5.68525015638602e-05
5.656894852936245e-05
5.628680972152412e-05
5.6006078086860544e-05
5.572674660706602e-05
5.544880829883912e-05
5.517225621370774e-05
5.4897083437855176e-05
5.462328309194787e-05
5.435084833096273e-05
5.4079772344016746e-05
5.381004835419591e-05
5.354166961838655e-05
5.3274629427106375e-05
5.300892110433649e-05
5.274453800735521e-05
5.2481473526571125e-05
5.221972108535871e-05
5.195927413989312e-05
5.1700126178987326e-05
5.144227072392863e-05
5.118570132831734e-05
5.0930411577905257e-05
5.0676395090435154e-05
5.0423645515481815e-05
5.017215653429249e-05
4.992192185962976e-05
4.967293523561353e-05
4.942519043756542e-05
4.9178681271852384e-05
4.8933401575732534e-05
4.868934521720078e-05
4.844650609483528e-05
4.820487813764549e-05
4.796445530491973e-05
4.772523158607484e-05
4.74872010005052e-05
4.7250357597433866e-05
4.701469545576351e-05
4.678020868392815e-05
4.6546891419746434e-05
4.631473783027446e-05
4.608374211166055e-05
4.585389848899954e-05
4.562520121618907e-05
4.5397644575785236e-05
4.517122287886026e-05
4.4945930464860004e-05
